16
0 31 52 19 73 44 88 61 27 49 35 67 23 55 41 78
31 0 41 63 28 79 52 14 71 83 42 51 19 63 27 44
52 41 0 71 15 58 27 84 39 72 48 33 67 28 55 61
19 63 71 0 84 27 49 72 15 38 59 44 51 47 63 27
73 28 15 84 0 47 72 39 58 15 71 82 44 67 23 52
44 79 58 27 47 0 15 71 83 52 27 63 38 21 77 49
88 52 27 49 72 15 0 38 59 27 83 44 71 55 33 67
61 14 84 72 39 71 38 0 27 44 63 21 58 83 47 35
27 71 39 15 58 83 59 27 0 71 23 55 44 38 61 52
49 83 72 38 15 52 27 44 71 0 55 67 27 49 38 83
35 42 48 59 71 27 83 63 23 55 0 39 61 27 74 44
67 51 33 44 82 63 44 21 55 67 39 0 72 44 51 28
23 19 67 51 44 38 71 58 44 27 61 72 0 33 59 63
55 63 28 47 67 21 55 83 38 49 27 44 33 0 47 71
41 27 55 63 23 77 33 47 61 38 74 51 59 47 0 55
78 44 61 27 52 49 67 35 52 83 44 28 63 71 55 0