8
0 20 42 35 12 18 57 23
20 0 30 34 15 19 43 27
42 30 0 12 40 31 22 18
35 34 12 0 25 20 33 14
12 15 40 25 0 22 38 29
18 19 31 20 22 0 17 41
57 43 22 33 38 17 0 26
23 27 18 14 29 41 26 0